66964780473

6918528030

66614650573

66953519488

66964787581

66636510795

6926599880

66852247005

66611497855

66970655500

66870460674

6935505752

66639537096

66633038334

66966473108

66871203439

6824356159

66982523055

66659325499

66924278677

66949646084

6817681966

66820450802

66897536882

66809247484

66614616290

6854608289

66855152647

66848064207

66621176427

66637350443

6898356487

66981578786

66628731689

66922871845

66615015438

6819594965

66848277348

66612733657

66828920839
66939906640

66813609341

6971804853

66841367585

66929088134

6937696196

66848434173

66861198312

66919366995

66996326146

66875768014

66840482713

6894458637

66868581248

66872330147

6833895784

66937683483

66927515908

66879162309

66829893361

6851752124

66894642960

66817444363

66831359015

66817953056

66931033091

66840351495

66993260846

6810089865

66927029797

66957731037

6803805569

66936499080

66893942755

66865477878

66989062158

66924915039

66875409418

6899776207

66852920093

66804288226

6979795292

66946285741

66989415816

66836945413

66997854047

6942642894

66997136049

66611838468

66816691994

66934398453

6996787249

66988395346

66851166206

66807476306

66629734089

6967483562

66928745589

66991017865

66638636534

66846457940

6868209397

66821854620

66936039445

66876564452

66979471898

6801491956
6972280494

66620349744

66848011601

66899056170

66871456127

66616647207

66994029836

66901426556

66866741332

6833552940

66847690984

66637362094

66960689981

66868776040

6985962577

66828638264

6969125394

66856046093

66638345474

66924052410

66624913421

66875037367

66861983800

66625641403

6885238392

66920544810

66861923924

66958947145

66616567980

6999041432

66814457173

66822798076

6846524656

66879742572

66817317407

66895239773

66828718839

6868853653

66811668401

66858500445

66941505787

66640457808

66860205018

6620597770

66621300198

6801262128

66982120477

66891049294

66940623476

66983739844

66813816650

66966847416

66618154185

6969817984

66802187643

66948808855

6910455250

66834839501

66637397136

66625500803

66652370488

66810932491

6610296708

66860037941

66914810094

66981295336

6951080472

66854458025

66848834340

66821641544

66945589356

6809386268

66937135850

66991744338

66956686384

6842021696

66950102988

66811456989

66816425328

66959299791

6833159575

66807128443

66899563065

66879024346

66990692703

6854041052

66951766774

66954574871

66624242042

66972463870

6961094824

66825328750

66899074211

66622574873

66859001447

6897029101

66831602656

66816921733

66868896147

66813441386

6982708627

66996645788

66909946823

66814775903

66915536420

6932924914

66622897172

66620206511

66933944470

66828651609

6894372517

66933270985

66936238695

66972107806

66858889546

6889511383

66624987959

66907519539

66611601095

66805722915

6816144518

66620520822

66922931072

66934372920

66823172917

6955088553

66640843263

66981176781

66801448470

66989504255

6838097273

66995207220

66954051600

66925751404

66931233115

6892533028

66986535114

66851869507

66985397831

66845573184

6626165607

66846064673

66926561015

66896394581

6817087829
6997601764
6815989157
 
66863713667
66996309233
66858309892
66628945489
66843986028
66860009171
66897014679
66878214220
66618206429
66960205541
66611394025
66898902152
66961575693
66948989797
66612546826
66629281952
66855907735
66868944397
66878416797
66918571951
66875891455
66984414379
66639198203
66980847951
66980656191
66959694258
66895590702
66968368759
66980655179
66624934177
66853973656
66951346514
66891295006
66628547452
66929977490
66620063354
66819923734
66821189854
66620232819
66627175488
66816781357
66862737680
66947984034
66987525242
66962703605
66885692658
66917379548
66872352045
66818076868
66634074649

 
66963495934
66986510649
66842569042
66846526492
66862254716
66971522630
66817028236
66847409951
66927121792
66814998084
66993817432
66973133949
66863705332
66948584981
66949981096
66853274305
66987497560
66869117973
66928949392
66990604508
66825299114
66890417484
66827534679
66865238668
66861960469
66983155951
66624246739
66622063755
66981349319
66933584146
66811723245
666860967592
66822214322
66950307240
66806519336
66924958371
66818282337
66645106745
66943689471
66631852699
66990623361
66851865128
(66809393419
66819480466
66917674720
666626156017
66819897578
66985377768
66831845828
66914348042

 
66851903436
66849530018
66958358083
66988516413
66617171463
66979980686
66628057190
66839515452
66986062950
66817696177
66843243654
66948824458
66944469351
66836038582
66619840927
66963077634
66820971346
66628030098
66988713807
66917962049
66937169670
66620955367
66993861151
66935802166
66949539454
66801747734
66815806787
66936964020
66979237659
66992098262
66942941124
66863277102
66923296285
66837405188
66984579512
66948109179
66917055330
66814891815
66933322798
66992826098
66939092396
66812750581
66986908150
66840172908
66985917735
66970097890
66979718369
66835853975
66629569343
66940427741
66954986747
66968168984
66933464712
66898444706
66932979976
66934125348
66807259978
66964217640
66944798627
66926962505
66810911564
66635096306
66614374670
66934136687
66851840341
66868449668
66963505621
66908265879
66810349255
66878920861
66615588927
66866859916
66980476353
66804479587
66847694210
66924501049
66625485333
66612911065
66956058380
66990757411
66814812387
66854949674
66970319695
66626095074
66851526096
66904625892
66929235566
66972960608
66897217377
66935598127
66894354492
66612756944
66613703059
66902157953
66614626399
66874244804
66850183918
66895274366
66986424720
66981545924

 
6889418915
6871953332
6862649042
6989280663
6872613552
6948023364
6821170166
6801577870
6932935113
6930190219
6939621403
6945943215
6615070304
6846436887
6614481075
6849739173
6881454623
6874602260
6936455620
6952375917
6931246817
6935401879
6611068478
6947856264
6942897966
6853492948
6806146749
6623703201
6635279877
6986026144
6931720507
6987189438
6970047894
6932795495
6814278291
6641830051
6817442549
6900731866
6875318538
6852199654
6920281630
6870972536
6629859153
6801172718
6610177990
6962414749
6989401567
6807676987
6891518129
6881468662
6821297924
6819434072
6804320833
6918482115
