
6917171085
6615138344
6879772878
6828874017
6927561061
6825391716
6959422527
6902613686
6925969377
6971589432
6839269306
6870270709
6878881577
6817093201
68296146011
6867571182
6885433511
6856497893
6925147515
6842756171
6615878187
6950500977
6872366687
6886802958
6842757657
6623174586
6634525820
6864051991
6921010774
6835959828
6631850726
6883451208
6611249578
6894908191
6967609178
6856109196
6631525950
6897140150
6862197283
6805078188
6966600795
6848748097
6987286447
6633129732
6912390629
6805935426
6612184800
6937290336
6950074276
6860735991
6926828253
6828529620
6808398041
6623165333

6920074631
6950785833
6935896653
6622082494
6928496769
6983671279
6973420547
6847905423
6823024733
6611872420
6922907898
6923852950
6992940292
6837911415
6923235852
6618353650
6823430968
6897593612
6958468991
6854868181
6827059018
6956584473
6922254374


6816226652
6813863032
6910536071
6928464336
6851286310
6936652369
6804566961
6918415649
6822668554
6630382322
6887535746
6935410280
6818770604
6918711570
6840097300
6636606501
6620132516
6968827500
6812999705
6951699881
6614809461
6815160944
6942744825
6963717758
6931466591
6869014691
6895395622
6835369545
6802747114
6985166979
3928539043
5622430521
5994476395
5648309153
5651177967
5969515059
6882435431


6860540879
6964566098
6923565511
6617298294
6802353164
6879205837
6885954954
6921937164
6899912508
6865503452
6983513713
6987656239
6618205984
6848678067
6811165447
6957804666
6879149170
6966387362
6926351789
6630825928
6624636092
6963804349
6613529456
6837608761
6918295395
6621266929
6840546974
6846945658
6851156904
6982624906
6928265486
6811514009
6868447559
6988074087 
6895589429
6947393104
6628862273
6826058233
6822683873
6897404316
6871613601
6626879061
6932933700
6935461671
6814851559
6630259198
6980314800
6936160520
6863729533
6899236629
6929528671
6991296832
6946026688
6861972535

66631164955

66905676991

66959598298

66802456256

66935717576

66807354850

66964104939

66857217187

66636483448

66899528050

66622496219

66947303591

66856009858

66657544563

66833031711

66969682158

66989574659

66898372205

66843515667

66621560225

66817407227

66932536555

66959714075

66623927359

66855871598

66820679545

66957707679

66852260550

66929968182

66617470613

66843799995

66987846349

66964505742

66880507005

66613252390

66937915604

66612476031

66624487807

66965593470

66931523503

66816201487

66932152542

66635349315

66960836534

66951171059

66635910270

66802829825

66619890982

66624891892

66862237087

66878215006

66840506009

66877697517

66621302186

66963092392

66638101345

66921982040

66824343382

66831914423

66625521092

66636160159

66966622113

66911362096

66875811080

66628761257

66819973266

66626178298

66828917656

66621785464

66826707794

66995122430

66988165226

66869383313

66634306387

66898932370

66898264452

66614346123

66946601417

66934876798

66623276431

66843618277

66933414239

66956866243

66616031955

66875908026

66875484925

66802946029

66925260609

66957232263

66824298415

66843635893

66892082216

66860162088

66617930412

66973546525

66635799386

66628519329

66888347511

66840816594


66935621838

6951627267

6993571070

6871670137

6911505666

6936370003

6863751613

6857998653
6902376064

6931653991

6611235040

6924866595

6901919929

6984427571

6813819009

6947169955

6945696936

6874271827

6993400366

6953298258

6925384098

6857784476

6982514902

6841463094

6980828874

6818929072

6994154941

6985319076

6972721232

6946789314

6875638855

6952525371
6631362757

6896487167

6957844833

6857061589

6862435620

6827158322

6892049600

6992059161
6940591672

6848281920

6925711198

6953494110

6840382026

6926391995

6634978597

6824758900

6816834978

6992490947

6942408804

6892498968
6972176932

6810810187

6936610693

6937845166

6847642458

6921800750

6807475116

6877411828

6910209581

6832329507

6961525712

6955736844

6902372722

6615971285

6943616867

6801802353

6969350052

6925239402

6946458417

6949292448

6989248868

6991753222

6955070641

6942312539

6875313338

6963934595

6842373851

6969345799

6970181817

6817902483

6858369152

6894279990
6816652975

6892304085

6895526316

6636732556

6936484072

6967695446

6815822520

6902644622

6924352499

6838324991

6628133303

6972132816

6967792475

6966564779

6821319687

6914408600

6611983035

6817395183

6983477067

6929794474
6969079790

6935577183

6950741168

6937493780

6857901738

6827922357

6622322202

6991537430
6930033189

6936817264

6810180898

6809195323
6936403858

6910072378

6830319885

6956040340

6998428494

6988236343

6948012254

6832212879

6926074907

6610917070

6934120162

6984850269

6899947838

6865608549

6983491246

6984746197

6841213741

6937516245

6964207689
6869921300

6814029410

6952952811

6998579051

6614674833

6852393838

6936392053

6985374245

6948168639

6946348093

6960100917

6817034109

6968948044

6993079142

6887983001

6910426481

6900872611

6911012433

6819613820

6925018680
6928125482

6933868143

6804543505

6610589263

6903975030

6993962784

6860870682

6814237695

6842697428

6980485238

6892277252

6865004878

6927152342

6900058255

6619150761

6992391476

6958542756

6829810059

6811831377

6909198665
6929369144

6801460043

6993253007

6957494122
6812528303

6850961238

6628486951

6879771689

6984639480

6630768190

6891327226

6933199613

6617633039

6851409487

6992167284

6878531252

6894512032

6869363419

6815708810

6965588435
6811435405

6836692660

6934508298

6842154216
6930950107

6993892839

6943598983

6927215617

6872992767

6915306482

6856976681

6927216208

6817288332

6846992799

6897088471

6993816881

6841733014

6968720916

6858747631
6869353935

6852620484
6858040124
